1.999 0.923 1.213 0.887 0.463 0.453 0.424
0.923 1.523 0.893 0.909 0.797 0.760 0.648
1.213 0.893 2.278 1.090 0.659 0.726 0.743
0.887 0.909 1.090 2.243 0.642 0.798 0.658
0.463 0.797 0.659 0.642 1.687 1.113 1.195
0.453 0.760 0.726 0.798 1.113 3.294 1.532
0.424 0.648 0.743 0.658 1.195 1.532 4.923
